1 1.0
2 1.0
3 1.0
4 1.0
5 1.0
6 1.0
7 1.0
8 1.0
9 1.0
10 1.0
11 1.0
12 1.0
13 1.0
14 1.0
15 1.0
16 1.0
17 1.0
18 0.9444444444444444
19 0.9473684210526315
20 0.9
21 0.9047619047619048
22 0.9090909090909091
23 0.8695652173913043
24 0.875
25 0.88
26 0.8846153846153846
27 0.8518518518518519
28 0.8571428571428571
29 0.8620689655172413
30 0.8666666666666667
31 0.8709677419354839
32 0.875
33 0.8484848484848485
34 0.8529411764705882
35 0.8571428571428571
36 0.8333333333333334
37 0.8378378378378378
38 0.8157894736842105
39 0.7948717948717948
40 0.8
41 0.8048780487804879
42 0.8095238095238095
43 0.7906976744186046
44 0.7954545454545454
45 0.7777777777777778
46 0.7608695652173914
47 0.7659574468085106
48 0.75
49 0.7551020408163265
50 0.76
