0 -115.79642121273271
1 -108.04920726739114
2 -100.3019933220496
3 -97.7802349604779
4 -96.43391860531604
5 -96.40290740284784
6 -88.6556934575063
7 -90.39759979294278
8 -92.42352505432093
9 -92.17019145671578
10 -92.79958216304992
11 -94.89785826865274
12 -94.15959671707223
13 -89.19628774621309
14 -81.01814164500216
15 -80.9782522911875
16 -82.74304473895067
17 -79.36469826881269
18 -76.98228542318206
19 -69.0901221133201
20 -68.99578497548306
21 -63.316363523309505
22 -55.71397395083017
23 -54.89948049347135
24 -50.97917275540935
25 -45.43725482698574
26 -47.03131246020758
27 -44.242019351271495
28 -45.92512188397083
29 -43.43391012796774
30 -44.01187651848685
31 -40.4186929179971
32 -31.593336576517764
33 -22.68356847174384
34 -21.477998540602123
35 -20.284016583735614
36 -17.75381069611666
37 -18.232713315747112
38 -17.325562094170785
39 -16.293028130022396
40 -14.180971219269257
41 -12.166020877803286
42 -11.812334299143833
43 -9.061757567915798
44 -12.420706447472934
45 -14.397613479847212
46 -6.702095170249995
47 2.017935276248977
48 0.0
49 0.0
50 0.0
51 0.0
52 0.0
53 0.0
54 0.0
55 0.0
56 0.0
57 0.0
58 0.0
59 0.0
60 0.0
61 0.0
62 0.0
63 0.0
64 0.0
65 0.0
