0 1.8547663336943545
1 3.180777920885485
2 2.053193822937085
3 2.5356831509253626
4 1.9140965960418481
5 2.8215736135814895
6 0.7342497362887069
7 1.9941697936889031
8 0.7911537784490944
9 0.6202211018123743
10 1.1826498644120484
11 1.4543422165059237
12 2.808631677055902
13 3.168555723946191
14 1.607296553783055
15 2.514404965542195
16 0.810701246420586
17 1.3996461274828191
18 3.2208097503024034
19 2.4542908790491156
20 1.0463314843282085
21 2.2925291225114197
22 0.5994283066125721
23 2.291423220954082
24 1.5935699638823888
25 1.0669572914365597
26 0.7915295920400254
27 0.5456591354603471
28 1.1618827719052378
29 1.0214495913204356
30 1.7623537809693235
31 4.176827384837058
32 1.9604524394188956
33 0.7790672675382985
34 2.577180292047913
35 1.0585203618533976
36 0.6361714675326157
37 0.454715779516762
38 1.1572928388375066
39 2.3726424080109223
40 2.2210870502566453
41 0.8314607366842663
42 0.7787626203889969
43 3.8755139641349117
44 1.284622650045173
45 2.2055299138293325
46 3.986272830157267
47 2.0581653986603854
